# Wavelength/AA, Flux/AA
5.331000174231205165e+03,9.906216979589956839e-01
5.331050178586984657e+03,9.932830717032909984e-01
5.331100182942765059e+03,9.945981830882661967e-01
5.331150187298545461e+03,9.938186704829812257e-01
5.331800243923687049e+03,9.925795014192789756e-01
5.331850248279466541e+03,9.939972184648935283e-01
5.331900252635246943e+03,9.949281106547981368e-01
5.331950256991027345e+03,9.961504762418702530e-01
5.332000261346806838e+03,9.965592662317768191e-01
5.332050265702587240e+03,9.960151905235421488e-01
5.332100270058367641e+03,9.946781064043005438e-01
5.332150274414147134e+03,9.931914842872174853e-01
5.332200278769927536e+03,9.923470768485758153e-01
5.332250283125707938e+03,9.919372174815319632e-01
5.332300287481488340e+03,9.920133354894926647e-01
5.332350291837267832e+03,9.911086305797869311e-01
5.333400383308650817e+03,9.934396440511608084e-01
5.333450387664430309e+03,9.943200318558904627e-01
5.334550483491593695e+03,9.931952841333078208e-01
5.334600487847373188e+03,9.920714621042878711e-01
5.335150535760954881e+03,9.958735881536652235e-01
5.335200540116735283e+03,9.971730950917243597e-01
5.335250544472514775e+03,9.969119503509447089e-01
5.335300548828295177e+03,9.965752632669423461e-01
5.335350553184075579e+03,9.965426480010093346e-01
5.335400557539855072e+03,9.967463421188639261e-01
5.335450561895635474e+03,9.974337795303691578e-01
5.335500566251415876e+03,9.981365162106695665e-01
5.335550570607195368e+03,9.987211950873789990e-01
5.335600574962975770e+03,9.989583484169463068e-01
5.335650579318756172e+03,9.990698408135259001e-01
5.335700583674535665e+03,9.990528348552213389e-01
5.335750588030316067e+03,9.989638910434172070e-01
5.335800592386096469e+03,9.990414409142941432e-01
5.335850596741876871e+03,9.990131336294195696e-01
5.335900601097656363e+03,9.982319373370839299e-01
5.335950605453436765e+03,9.949992658973556559e-01
5.336450649011238056e+03,9.909578065205174591e-01
5.337100705636379644e+03,9.947706103722295801e-01
5.337150709992160046e+03,9.936368172818974553e-01
5.337200714347939538e+03,9.915149280162398604e-01
5.337250718703719940e+03,9.901049381801581006e-01
5.337350727415279835e+03,9.901795135802817782e-01
5.337400731771060236e+03,9.918440185365429151e-01
5.337450736126840638e+03,9.932201890067458017e-01
5.338000784040421422e+03,9.919214318977083167e-01
5.338050788396201824e+03,9.946548164506227030e-01
5.338650840665563010e+03,9.910853526566616445e-01
5.338700845021343412e+03,9.919190365219410221e-01
5.338750849377123814e+03,9.935509053446384131e-01
5.338800853732903306e+03,9.954124160172583835e-01
5.338850858088683708e+03,9.965988261057187048e-01
5.338900862444464110e+03,9.972045521649084421e-01
5.338950866800243602e+03,9.973464842723929191e-01
5.339000871156024004e+03,9.971479849695707998e-01
5.339050875511804406e+03,9.966286160786637094e-01
5.339100879867583899e+03,9.957629139438318733e-01
5.339150884223364301e+03,9.934033610345439635e-01
5.341601097656590355e+03,9.932602569343069732e-01
5.341651102012370757e+03,9.952270197311676725e-01
5.341701106368150249e+03,9.961867474134994405e-01
5.341751110723930651e+03,9.966557486988973924e-01
5.341801115079711053e+03,9.966345723920622124e-01
5.341851119435490546e+03,9.953949115413877058e-01
5.341901123791270948e+03,9.934191783728938407e-01
5.341951128147051350e+03,9.912976443679710759e-01
5.342101141214391646e+03,9.900447548033610712e-01
5.342151145570172048e+03,9.919570617266659784e-01
5.342201149925951540e+03,9.942874885096431026e-01
5.342251154281731942e+03,9.961467292219134961e-01
5.342301158637512344e+03,9.970799930602077810e-01
5.342351162993291837e+03,9.974283039673925710e-01
5.342401167349072239e+03,9.967662225012698940e-01
5.342451171704852641e+03,9.913091393872519586e-01
5.343851293666695710e+03,9.913353706669862930e-01
5.343901298022476112e+03,9.955417877443781816e-01
5.343951302378255605e+03,9.980165866257637575e-01
5.344001306734036007e+03,9.990928996683834384e-01
5.344051311089816409e+03,9.994933516913986349e-01
5.344101315445595901e+03,9.991579709612635751e-01
5.344151319801376303e+03,9.984394667364209219e-01
5.344201324157156705e+03,9.949762734771863126e-01
5.344951389493858187e+03,9.916579016479637465e-01
5.345001393849638589e+03,9.962126425163468912e-01
5.345051398205418991e+03,9.979569110813573118e-01
5.345101402561198483e+03,9.980594123883188562e-01
5.345151406916978885e+03,9.977435005526018585e-01
5.345201411272759287e+03,9.971494861858545278e-01
5.345251415628538780e+03,9.963552187176822894e-01
5.345301419984319182e+03,9.948931551422854902e-01
5.345351424340099584e+03,9.929627833888209354e-01
5.346751546301942653e+03,9.940871438893437162e-01
5.346801550657723055e+03,9.961737414091789145e-01
5.346851555013502548e+03,9.926962168807322850e-01
5.347701629061764834e+03,9.905596561819473012e-01
5.347751633417545236e+03,9.944429335321205432e-01
5.347801637773325638e+03,9.953698951193324929e-01
5.347851642129105130e+03,9.952308337147515171e-01
5.347901646484885532e+03,9.945899595971829932e-01
5.347951650840665934e+03,9.937359348303114182e-01
5.348001655196445427e+03,9.904569956114439577e-01
5.348651711821587014e+03,9.916360691483470102e-01
5.348701716177367416e+03,9.940983667050242722e-01
5.348751720533147818e+03,9.947765313657271902e-01
5.348801724888927311e+03,9.953445526649357111e-01
5.348851729244707712e+03,9.948703167032919570e-01
5.348901733600488114e+03,9.921061700355983115e-01
5.350801899120132475e+03,9.924661830277508034e-01
5.350851903475912877e+03,9.913513638646487269e-01
5.351301942677933766e+03,9.940517222156175503e-01
5.351351947033714168e+03,9.959944975137783318e-01
5.351401951389493661e+03,9.960783470554331887e-01
5.351451955745274063e+03,9.963638132767547173e-01
5.351501960101054465e+03,9.970228286368156834e-01
5.351551964456833957e+03,9.978334721852888389e-01
5.351601968812614359e+03,9.981452811151563242e-01
5.351651973168394761e+03,9.969768141787620497e-01
5.351701977524174254e+03,9.944234992945963914e-01
5.352302029793536349e+03,9.908101090495531338e-01
5.352352034149315841e+03,9.976658885340048410e-01
5.352402038505096243e+03,9.991207898292590039e-01
5.352452042860876645e+03,9.992369857887773987e-01
5.352502047216656138e+03,9.992197884201426961e-01
5.352552051572436540e+03,9.991453089641337826e-01
5.352602055928216942e+03,9.988883858946022709e-01
5.352652060283996434e+03,9.982085913640165176e-01
5.352702064639776836e+03,9.977672089174789427e-01
5.352752068995557238e+03,9.974190343666513581e-01
5.352802073351337640e+03,9.971131510666316755e-01
5.352852077707117132e+03,9.970174495007609883e-01
5.352902082062897534e+03,9.969464007541943840e-01
5.352952086418677936e+03,9.967031691581856867e-01
5.353002090774457429e+03,9.960466683095305918e-01
5.353052095130237831e+03,9.948859207503667479e-01
5.353102099486018233e+03,9.902504362054330711e-01
5.354252199668961111e+03,9.937403055883922143e-01
5.354302204024740604e+03,9.979008309645891472e-01
5.354352208380521006e+03,9.992362932777277829e-01
5.354402212736301408e+03,9.995496717863626701e-01
5.354452217092080900e+03,9.992421312223221941e-01
5.354502221447861302e+03,9.987085792495340453e-01
5.354552225803641704e+03,9.980193964396998352e-01
5.354602230159421197e+03,9.974529247538062027e-01
5.354652234515201599e+03,9.972382310712053499e-01
5.354702238870982001e+03,9.973555125112871789e-01
5.354752243226761493e+03,9.977205963777018294e-01
5.354802247582541895e+03,9.983698925746573583e-01
5.354852251938322297e+03,9.988744022583309068e-01
5.354902256294102699e+03,9.991380757703784976e-01
5.354952260649882192e+03,9.992024442507732029e-01
5.355002265005662593e+03,9.993330841755486693e-01
5.355052269361442995e+03,9.993240842696671233e-01
5.355102273717222488e+03,9.996187374558347383e-01
5.355152278073002890e+03,9.998407134669100582e-01
5.355202282428783292e+03,9.998755662794435173e-01
5.355252286784562784e+03,9.995119379197625609e-01
5.355302291140343186e+03,9.993085457106140046e-01
5.355352295496123588e+03,9.988598904326200234e-01
5.355402299851903081e+03,9.986806705195770961e-01
5.355452304207683483e+03,9.984172921082098418e-01
5.355502308563463885e+03,9.978534304423583023e-01
5.355552312919244287e+03,9.963588298291778944e-01
5.355602317275023779e+03,9.938321324701189230e-01
5.355652321630804181e+03,9.914500069900755719e-01
5.355852339053924879e+03,9.903035498446255414e-01
5.356302378255945769e+03,9.938684356345723891e-01
5.356352382611726171e+03,9.981381485564372325e-01
5.356402386967505663e+03,9.994663166423150003e-01
5.356452391323286065e+03,9.997212594461140078e-01
5.356502395679066467e+03,9.995993489686021416e-01
5.356552400034845959e+03,9.996203522101874128e-01
5.356602404390626361e+03,9.996765595405493476e-01
5.356652408746406763e+03,9.997731646570636732e-01
5.356702413102186256e+03,9.994210932870224440e-01
5.356752417457966658e+03,9.979099821394938896e-01
5.356802421813747060e+03,9.943405878702111789e-01
5.357502482794668140e+03,9.910506587028244940e-01
5.357552487150448542e+03,9.959255724454916248e-01
5.357602491506228944e+03,9.980020166547618476e-01
5.357652495862008436e+03,9.983314481453154920e-01
5.357702500217788838e+03,9.981582496312519925e-01
5.357752504573569240e+03,9.979513348698512143e-01
5.357802508929349642e+03,9.974006736235545567e-01
5.357852513285129135e+03,9.947656950008402221e-01
5.358352556842930426e+03,9.950034413077185613e-01
5.358402561198710828e+03,9.989028964653484666e-01
5.358452565554491230e+03,9.997975362325539628e-01
5.358502569910270722e+03,9.998745163129963975e-01
5.358552574266051124e+03,9.998304121817556123e-01
5.358602578621831526e+03,9.998643196659753318e-01
5.358652582977611019e+03,9.993830884738418296e-01
5.358702587333391421e+03,9.974166593266269309e-01
5.358752591689171823e+03,9.932790485495761601e-01
5.359402648314313410e+03,9.909151402406208842e-01
5.359452652670092903e+03,9.962193619333797878e-01
5.359502657025873305e+03,9.978252956010071895e-01
5.359552661381653706e+03,9.979984554954580700e-01
5.359602665737433199e+03,9.974676967032516384e-01
5.359652670093213601e+03,9.965483268443394715e-01
5.359702674448994003e+03,9.951578765016473316e-01
5.359752678804773495e+03,9.941533504479250771e-01
5.359802683160553897e+03,9.935633717363920869e-01
5.359852687516334299e+03,9.935836010968284171e-01
5.359902691872114701e+03,9.942209141772362369e-01
5.359952696227894194e+03,9.955520066497816067e-01
5.360002700583674596e+03,9.966806689271352493e-01
5.360052704939454998e+03,9.972622447454773109e-01
5.360102709295234490e+03,9.972243005735732524e-01
5.360152713651014892e+03,9.971456221728937086e-01
5.360202718006795294e+03,9.972204682014165211e-01
5.360252722362574787e+03,9.976533340472086842e-01
5.360302726718355188e+03,9.983258473403210376e-01
5.360352731074135590e+03,9.987511876008783318e-01
5.360402735429915083e+03,9.992918158738186563e-01
5.360452739785695485e+03,9.995363538465463771e-01
5.360502744141475887e+03,9.996416144898290224e-01
5.360552748497256289e+03,9.996646220748051093e-01
5.360602752853035781e+03,9.997231784324875914e-01
5.360652757208816183e+03,9.996787710089130030e-01
5.360702761564596585e+03,9.994068803749311947e-01
5.360752765920376078e+03,9.992301465700605956e-01
5.360802770276156480e+03,9.989917923830167190e-01
5.360852774631936882e+03,9.987295870658081665e-01
5.360902778987716374e+03,9.982536381282340887e-01
5.360952783343496776e+03,9.974623325524207829e-01
5.361002787699277178e+03,9.960512628351334552e-01
5.361052792055056671e+03,9.943489138533683214e-01
5.361102796410837072e+03,9.931507272828696831e-01
5.361152800766617474e+03,9.924420617773948017e-01
5.361202805122396967e+03,9.915394616208745848e-01
5.361952870459099358e+03,9.962659418124981681e-01
5.362002874814879760e+03,9.984722614154419862e-01
5.362052879170659253e+03,9.987481022744542081e-01
5.362102883526439655e+03,9.986077827847705812e-01
5.362152887882220057e+03,9.986341203573119163e-01
5.362202892237999549e+03,9.985700855480232896e-01
5.362252896593779951e+03,9.984371985339638433e-01
5.362302900949560353e+03,9.976735002229377702e-01
5.362352905305339846e+03,9.958457282608861316e-01
5.362402909661120248e+03,9.930463648328219373e-01
5.363252983709382534e+03,9.923221957932266690e-01
5.363302988065162026e+03,9.948098818204458293e-01
5.363352992420942428e+03,9.959610040271325015e-01
5.363402996776722830e+03,9.961603810025697614e-01
5.363453001132503232e+03,9.961382400960780981e-01
5.363503005488282724e+03,9.963552254833826227e-01
5.363553009844063126e+03,9.964379546789183806e-01
5.363603014199843528e+03,9.967106769114846276e-01
5.363653018555623021e+03,9.969110139194639064e-01
5.363703022911403423e+03,9.970903231039425219e-01
5.363753027267183825e+03,9.969468926779493367e-01
5.363803031622963317e+03,9.969949567988433126e-01
5.363853035978743719e+03,9.968062163224755690e-01
5.363903040334524121e+03,9.968853232700840561e-01
5.363953044690303614e+03,9.968576467400376284e-01
5.364003049046084016e+03,9.969164068630479436e-01
5.364053053401864418e+03,9.969951663355104410e-01
5.364103057757644820e+03,9.969170752326022011e-01
5.364153062113424312e+03,9.966813048824290089e-01
5.364203066469204714e+03,9.954615233001313790e-01
5.364253070824985116e+03,9.917500931351531657e-01
5.365753201498388080e+03,9.908999080188768405e-01
5.365803205854168482e+03,9.915207451901071334e-01
5.365853210209948884e+03,9.921189025077905566e-01
5.365903214565728376e+03,9.926076886763346430e-01
5.365953218921508778e+03,9.928880288576286128e-01
5.366003223277289180e+03,9.927617435602901219e-01
5.366053227633068673e+03,9.928055227980168151e-01
5.366103231988849075e+03,9.932209951439840978e-01
5.366153236344629477e+03,9.937823066516888737e-01
5.366203240700409879e+03,9.941415260055803671e-01
5.366253245056189371e+03,9.946085920357210508e-01
5.366303249411969773e+03,9.951404870630005117e-01
5.366353253767750175e+03,9.954496637760079647e-01
5.366403258123529668e+03,9.934173366329471788e-01
5.366903301681330959e+03,9.900269092455031839e-01
5.366953306037111361e+03,9.900438870511716338e-01
5.368103406220054239e+03,9.901455052113192767e-01
5.368153410575833732e+03,9.924520122349790308e-01
5.368203414931614134e+03,9.939018564385266874e-01
5.368253419287394536e+03,9.944124379893068966e-01
5.368303423643174938e+03,9.934948372238966430e-01
5.373003833086505438e+03,9.911830936669994152e-01
5.373053837442285840e+03,9.920468784386871075e-01
5.373103841798066242e+03,9.924561675411033290e-01
5.373153846153845734e+03,9.927677009079769466e-01
5.373203850509626136e+03,9.929796473260965595e-01
5.373253854865406538e+03,9.930178922022955268e-01
5.373303859221186940e+03,9.932956617311623493e-01
5.373353863576966432e+03,9.933971463322179840e-01
5.373403867932746834e+03,9.916510941631595522e-01
5.374103928913668824e+03,9.909866546374455076e-01
5.374153933269448316e+03,9.921115007150872467e-01
5.374203937625228718e+03,9.911164064136980256e-01
5.374553968115689713e+03,9.900589474608189056e-01
5.375004007317710602e+03,9.951620940012517735e-01
5.375054011673491004e+03,9.976696243146720988e-01
5.375104016029270497e+03,9.970728115256509705e-01
5.375154020385050899e+03,9.939276893052804152e-01
5.375504050875511894e+03,9.918820571394668661e-01
5.375554055231292296e+03,9.957697201724271530e-01
5.375604059587071788e+03,9.980066642886507022e-01
5.375654063942852190e+03,9.984480463073440726e-01
5.375704068298632592e+03,9.985584122479194136e-01
5.375754072654412084e+03,9.984351612216626481e-01
5.375804077010192486e+03,9.983325178559490087e-01
5.375854081365972888e+03,9.979564581919286859e-01
5.375904085721752381e+03,9.975895175114627422e-01
5.375954090077532783e+03,9.964712924005759698e-01
5.376004094433313185e+03,9.935896086173446884e-01
5.377254203327815958e+03,9.929910089971283327e-01
5.377304207683596360e+03,9.975921232706980168e-01
5.377354212039375852e+03,9.965356605426320957e-01
5.377904259952957545e+03,9.954750398823987156e-01
5.377954264308737947e+03,9.976335720298010745e-01
5.378004268664517440e+03,9.959304410372589178e-01
5.378054273020297842e+03,9.909211496075093217e-01
5.378454307866539239e+03,9.948202554662219921e-01
5.378504312222318731e+03,9.974151672161164495e-01
5.378554316578099133e+03,9.973011857865216045e-01
5.378604320933879535e+03,9.958272988956529126e-01
5.378654325289659027e+03,9.945432586143966303e-01
5.378704329645439429e+03,9.938254512073882996e-01
5.378754334001219831e+03,9.937413126828170684e-01
5.378804338356999324e+03,9.944345936720682122e-01
5.378854342712779726e+03,9.959198689886639144e-01
5.378904347068560128e+03,9.975481017881697721e-01
5.378954351424340530e+03,9.983837633967012071e-01
5.379004355780120022e+03,9.978896808299572152e-01
5.379054360135900424e+03,9.966004664251865153e-01
5.379104364491680826e+03,9.947455584551275765e-01
5.379154368847460319e+03,9.929260561308985711e-01
5.379204373203240721e+03,9.912157612940273310e-01
5.379254377559021123e+03,9.901071633552862572e-01
5.379854429828382308e+03,9.934709871478115684e-01
5.379904434184162710e+03,9.967306422328264803e-01
5.379954438539942203e+03,9.970461263102436966e-01
5.380004442895722605e+03,9.971720038797814434e-01
5.380054447251503007e+03,9.967897643398850871e-01
5.380104451607282499e+03,9.946408573864213842e-01
5.380554490809304298e+03,9.917844780686735362e-01
5.380604495165083790e+03,9.943742150684544701e-01
5.380654499520864192e+03,9.953775824793704707e-01
5.380704503876644594e+03,9.958057444277205184e-01
5.380754508232424087e+03,9.906522665566059871e-01
5.381354560501786182e+03,9.938016558286990598e-01
5.381404564857565674e+03,9.951220365516846300e-01
5.381454569213346076e+03,9.962774622613312925e-01
5.381504573569126478e+03,9.961956657158327344e-01
5.381554577924905971e+03,9.928286240431360987e-01
5.382004617126927769e+03,9.919516360649873743e-01
5.382054621482707262e+03,9.949494553514069972e-01
5.382104625838487664e+03,9.964210765785602719e-01
5.382154630194268066e+03,9.966323724649849281e-01
5.382204634550047558e+03,9.952179197649120290e-01
5.382254638905827960e+03,9.911376234023063780e-01
5.384304817492812617e+03,9.910511965693553638e-01
5.384354821848593019e+03,9.923391447148310895e-01
5.384404826204373421e+03,9.908693747326926538e-01
5.385804948166216491e+03,9.936668843251016403e-01
5.385854952521996893e+03,9.974345210019770480e-01
5.385904956877776385e+03,9.984031343571173611e-01
5.385954961233556787e+03,9.985807954947968357e-01
5.386004965589337189e+03,9.987545903214652965e-01
5.386054969945117591e+03,9.970477486880506834e-01
5.386605017858698375e+03,9.955383725422430885e-01
5.386655022214478777e+03,9.981398709595671326e-01
5.386705026570259179e+03,9.951888031821956027e-01
5.387255074483839962e+03,9.933689348624605842e-01
5.387805122397421655e+03,9.920417777017253025e-01
5.387855126753201148e+03,9.974092273539020281e-01
5.387905131108981550e+03,9.988492345162743868e-01
5.387955135464761952e+03,9.992422204669793029e-01
5.388005139820541444e+03,9.994220955843782228e-01
5.388055144176321846e+03,9.980888551832183264e-01
5.388105148532102248e+03,9.918638347185175785e-01
5.388755205157243836e+03,9.901032537464580230e-01
5.388805209513024238e+03,9.939662642148868743e-01
5.388855213868803730e+03,9.945103308839944312e-01
5.388905218224584132e+03,9.919760982905104774e-01
5.392555536196532557e+03,9.911004405858460098e-01
5.392605540552312959e+03,9.946257389771422375e-01
5.392655544908093361e+03,9.946075686901860724e-01
5.392705549263872854e+03,9.932177743457935026e-01
5.392755553619653256e+03,9.913589868908740943e-01
5.394005662514156029e+03,9.907671947417974190e-01
5.394055666869936431e+03,9.937241101408194055e-01
5.394105671225716833e+03,9.955265979719880587e-01
5.394155675581496325e+03,9.963564675009172200e-01
5.394205679937276727e+03,9.967157879495889272e-01
5.394255684293057129e+03,9.970872491826369144e-01
5.394305688648836622e+03,9.968271561304584694e-01
5.394355693004617024e+03,9.916751003804840092e-01
5.395455788831779500e+03,9.916719831610398828e-01
5.395505793187559902e+03,9.939011547243241651e-01
5.395555797543340304e+03,9.942910113896018531e-01
5.395605801899119797e+03,9.942115657629433390e-01
5.395655806254900199e+03,9.939295605773308395e-01
5.395705810610680601e+03,9.937451455515090570e-01
5.395755814966460093e+03,9.932217857640925907e-01
5.395805819322240495e+03,9.921007209886011369e-01
5.395855823678020897e+03,9.906053927967409800e-01
5.398606063245927544e+03,9.924169137772117510e-01
5.398656067601707036e+03,9.929897051602896152e-01
5.398706071957487438e+03,9.918551324303663819e-01
5.398756076313267840e+03,9.901178908173503546e-01
5.399006098092168031e+03,9.901197536799773991e-01
5.399056102447948433e+03,9.925246823053403000e-01
5.399106106803728835e+03,9.947465062260725244e-01
5.399156111159508328e+03,9.958808341590223989e-01
5.399206115515288730e+03,9.941721084314701917e-01
5.399956180851990212e+03,9.908961473083335303e-01
5.400006185207770613e+03,9.929078476773314232e-01
5.400056189563551015e+03,9.929241232193429800e-01
5.400106193919330508e+03,9.921232241603210600e-01
5.400156198275110910e+03,9.905639764668863201e-01
5.400956267967592794e+03,9.932440743187043175e-01
5.401006272323373196e+03,9.924298536611766419e-01
5.402256381217875969e+03,9.938258758363996970e-01
5.402306385573656371e+03,9.957290559483780168e-01
5.402356389929436773e+03,9.944035174397483079e-01
5.402406394285216265e+03,9.906899081068387680e-01
5.403006446554578361e+03,9.908310918535550016e-01
5.403056450910357853e+03,9.940330631118752258e-01
5.403106455266138255e+03,9.945693665631312186e-01
5.403156459621918657e+03,9.940907453657488180e-01
5.403206463977698149e+03,9.933752291137238899e-01
5.403256468333478551e+03,9.929146315012467028e-01
5.403306472689258953e+03,9.925358718159538185e-01
5.403356477045038446e+03,9.921995863395087767e-01
5.403406481400818848e+03,9.918211210905365505e-01
5.403456485756599250e+03,9.918173557257670137e-01
5.403506490112378742e+03,9.905612012345210715e-01
5.408556930046171146e+03,9.921035365633903425e-01
5.408606934401951548e+03,9.931833615678042904e-01
5.408656938757731950e+03,9.918709785099243392e-01
5.411657200104538788e+03,9.932226300833054689e-01
5.411707204460319190e+03,9.936045507269471999e-01
5.411757208816098682e+03,9.922366539940825625e-01
5.411807213171879084e+03,9.901576475256825827e-01
5.412057234950779275e+03,9.913772922854438008e-01
5.412107239306559677e+03,9.935138512371675112e-01
5.412157243662340079e+03,9.947890707367597063e-01
5.412207248018120481e+03,9.954705792776333828e-01
5.412257252373899973e+03,9.954537898527284767e-01
5.412307256729680375e+03,9.952373006261794330e-01
5.412357261085460777e+03,9.949073159708237135e-01
5.412407265441240270e+03,9.943387133967560576e-01
5.412457269797020672e+03,9.935547986111239460e-01
5.412507274152801074e+03,9.908626350796105875e-01
5.413057322066381857e+03,9.922018218263654044e-01
5.413107326422162259e+03,9.936181311008145389e-01
5.413157330777942661e+03,9.927769289308131517e-01
5.413207335133722154e+03,9.914162312435699231e-01
5.413257339489502556e+03,9.906260095535930343e-01
5.413307343845282958e+03,9.909409557426867021e-01
5.413357348201062450e+03,9.921215174633039036e-01
5.413407352556842852e+03,9.917166820098144431e-01
5.414357435316665033e+03,9.922658123135323915e-01
5.414407439672445435e+03,9.937657383953927281e-01
5.414457444028225837e+03,9.934457863815662204e-01
5.414507448384005329e+03,9.927146770161968670e-01
5.414557452739785731e+03,9.917455493712774572e-01
5.414607457095566133e+03,9.902998737376207394e-01
5.415957574701628801e+03,9.901185175585187626e-01
5.416007579057409203e+03,9.910243905185776025e-01
5.416057583413189604e+03,9.910636461641069150e-01
5.416107587768969097e+03,9.908531070429521526e-01
5.416157592124749499e+03,9.900740755342267718e-01
5.416507622615210494e+03,9.913820233599344167e-01
5.416557626970990896e+03,9.941557127463652721e-01
5.416607631326770388e+03,9.962643200665139975e-01
5.416657635682550790e+03,9.973788061242550018e-01
5.416707640038331192e+03,9.973563498506667901e-01
5.416757644394110685e+03,9.942429529740812733e-01
5.417307692307692378e+03,9.952910623218907959e-01
5.417357696663472780e+03,9.975855160761242235e-01
5.417407701019252272e+03,9.981312014262724297e-01
5.417457705375032674e+03,9.985776461245758906e-01
5.417507709730813076e+03,9.988384352933117327e-01
5.417557714086592568e+03,9.989705372589111620e-01
5.417607718442372970e+03,9.991356664942825372e-01
5.417657722798153372e+03,9.992082591358824040e-01
5.417707727153932865e+03,9.992554686748373882e-01
5.417757731509713267e+03,9.993024886941105356e-01
5.417807735865493669e+03,9.993861593137975952e-01
5.417857740221274071e+03,9.991010734155764128e-01
5.417907744577053563e+03,9.985720384936895844e-01
5.417957748932833965e+03,9.978188546295265748e-01
5.418007753288614367e+03,9.973624403466204713e-01
5.418057757644393860e+03,9.969586974082232933e-01
5.418107762000174262e+03,9.969573256020697327e-01
5.418157766355954664e+03,9.972882793942727808e-01
5.418207770711734156e+03,9.978226234109670578e-01
5.418257775067514558e+03,9.978078314756240186e-01
5.418307779423294960e+03,9.973377527021735078e-01
5.418357783779074452e+03,9.965656380583337581e-01
5.418407788134854854e+03,9.965688467192603817e-01
5.418457792490635256e+03,9.964078838040641983e-01
5.418507796846414749e+03,9.906759662346708017e-01
5.419557888317797733e+03,9.926547039466141475e-01
5.419607892673578135e+03,9.955892381648430156e-01
5.419657897029357628e+03,9.971269962748972038e-01
5.419707901385138030e+03,9.977870429249029449e-01
5.419757905740918432e+03,9.979389809666845412e-01
5.419807910096697924e+03,9.976207088938058298e-01
5.419857914452478326e+03,9.969191550063931651e-01
5.419907918808258728e+03,9.960685585589560409e-01
5.419957923164038220e+03,9.948090482387177413e-01
5.420007927519818622e+03,9.903804085741275687e-01
5.422658158376165375e+03,9.905972814777194158e-01
5.422708162731944867e+03,9.950516148144428197e-01
5.422758167087725269e+03,9.966418504560387026e-01
5.422808171443505671e+03,9.971840031289407325e-01
5.422858175799286073e+03,9.973736637582611975e-01
5.422908180155065565e+03,9.975201321131965670e-01
5.422958184510845967e+03,9.974689993185410497e-01
5.423008188866626369e+03,9.973135864727731281e-01
5.423058193222405862e+03,9.970865605702352585e-01
5.423108197578186264e+03,9.967274614315009273e-01
5.423158201933966666e+03,9.965425895681694346e-01
5.423208206289746158e+03,9.962495173686365391e-01
5.423258210645526560e+03,9.957266014499124296e-01
5.423308215001306962e+03,9.952778185110588982e-01
5.423358219357086455e+03,9.947177909566191634e-01
5.423408223712866857e+03,9.939041404125011914e-01
5.423458228068647259e+03,9.912445475555351493e-01
5.424958358742051132e+03,9.917779587321831070e-01
5.425858437146092911e+03,9.935464313015214266e-01
5.425908441501873313e+03,9.954394455159005783e-01
5.425958445857652805e+03,9.939988433583648586e-01
5.426958532973255387e+03,9.921595824132479757e-01
5.427008537329035789e+03,9.914331471441806265e-01
5.427458576531056679e+03,9.900774826174707499e-01
5.427508580886837080e+03,9.940548331145624417e-01
5.427558585242616573e+03,9.955762217582021512e-01
5.427608589598396975e+03,9.954845190944919819e-01
5.427658593954177377e+03,9.939516298077332168e-01
5.427708598309956869e+03,9.917955329797887298e-01
5.428058628800417864e+03,9.908408286867482762e-01
5.428108633156198266e+03,9.921600669016337193e-01
5.428158637511978668e+03,9.931779577450989827e-01
5.428208641867758161e+03,9.938688378151909752e-01
5.428258646223538562e+03,9.941897600936184798e-01
5.428308650579318964e+03,9.940413106713471558e-01
5.428358654935098457e+03,9.938407073921351476e-01
5.428408659290878859e+03,9.932007097768257298e-01
5.428458663646659261e+03,9.909605753781058901e-01
5.431158898858785506e+03,9.907520234388997871e-01
5.431208903214565908e+03,9.928770396432293754e-01
5.431258907570345400e+03,9.936622568437796232e-01
5.431308911926125802e+03,9.921554744280431937e-01
5.431708946772367199e+03,9.903545007852666560e-01
5.431758951128146691e+03,9.933982381950841045e-01
5.431808955483927093e+03,9.947385463597671063e-01
5.431858959839707495e+03,9.949398916797687065e-01
5.431908964195486988e+03,9.948046376618249198e-01
5.431958968551267390e+03,9.947695407348896568e-01
5.432008972907047792e+03,9.948908024236983172e-01
5.432058977262828193e+03,9.946283890435559938e-01
5.432108981618607686e+03,9.933707966307128157e-01
5.432158985974388088e+03,9.908631209384912708e-01
5.435459273455875518e+03,9.915563888414617999e-01
5.435509277811655920e+03,9.908915624627809837e-01
5.437409443331300281e+03,9.936671101605796252e-01
5.437459447687080683e+03,9.954231217794777820e-01
5.437509452042861085e+03,9.936213569220276876e-01
5.437559456398640577e+03,9.908421366515632878e-01
5.438559543514243160e+03,9.943143205121112160e-01
5.438609547870023562e+03,9.963504760443383512e-01
5.438659552225803964e+03,9.970895961277093100e-01
5.438709556581583456e+03,9.970416260912446926e-01
5.438759560937363858e+03,9.967986710913647741e-01
5.438809565293144260e+03,9.958246005281026214e-01
5.438859569648923753e+03,9.939737282381224670e-01
5.438909574004704155e+03,9.911465869565223574e-01
5.439459621918285848e+03,9.915810068681539802e-01
5.439509626274065340e+03,9.947004818691170813e-01
5.439559630629845742e+03,9.959618658702502625e-01
5.439609634985626144e+03,9.961903086659695816e-01
5.439659639341405637e+03,9.962299171758046690e-01
5.439709643697186038e+03,9.966483399684109568e-01
5.439759648052966440e+03,9.971199497170275539e-01
5.439809652408746842e+03,9.977622307033595650e-01
5.439859656764526335e+03,9.983764564518915474e-01
5.439909661120306737e+03,9.986413219152225906e-01
5.439959665476087139e+03,9.985820166664638453e-01
5.440009669831866631e+03,9.984593606336563676e-01
5.440059674187647033e+03,9.983770148813150280e-01
5.440109678543427435e+03,9.983109887851073783e-01
5.440159682899206928e+03,9.985184124529373761e-01
5.440209687254987330e+03,9.989773319768187054e-01
5.440259691610767732e+03,9.991393903394244491e-01
5.440309695966547224e+03,9.980371536088346041e-01
5.440359700322327626e+03,9.954779968673772572e-01
5.440409704678108028e+03,9.922368706296429419e-01
5.440609722101228726e+03,9.901298403463349995e-01
5.440659726457008219e+03,9.932242944904441373e-01
5.440709730812788621e+03,9.960960394104747540e-01
5.440759735168569023e+03,9.971396097135361014e-01
5.440809739524348515e+03,9.964772931663998801e-01
5.440859743880128917e+03,9.954537705715668094e-01
5.440909748235909319e+03,9.945107433397155638e-01
5.440959752591688812e+03,9.937588551342686483e-01
5.441009756947469214e+03,9.932764745106248405e-01
5.441059761303249616e+03,9.917004663599614522e-01
5.441609809216830399e+03,9.954641638796418723e-01
5.441659813572610801e+03,9.983130859362524534e-01
5.441709817928391203e+03,9.986747880750723727e-01
5.441759822284170696e+03,9.985620782680595386e-01
5.441809826639951098e+03,9.984562479583356520e-01
5.441859830995731500e+03,9.985004179156735660e-01
5.441909835351511902e+03,9.985853861455613600e-01
5.441959839707291394e+03,9.984853523701621159e-01
5.442009844063071796e+03,9.981711604748670918e-01
5.442059848418852198e+03,9.968061334938308482e-01
5.442109852774631690e+03,9.938093037788762185e-01
5.442909922467113574e+03,9.906582986465981566e-01
5.442959926822893976e+03,9.924005872984427157e-01
5.443009931178674378e+03,9.940523508563133825e-01
5.443059935534453871e+03,9.950277755851051342e-01
5.443109939890234273e+03,9.949467768720672289e-01
5.443159944246014675e+03,9.926940629719198661e-01
5.443609983448035564e+03,9.926107559324605090e-01
5.443659987803815966e+03,9.961403039572659379e-01
5.443709992159595458e+03,9.976908011860081693e-01
5.443759996515375860e+03,9.982608165523629840e-01
5.443810000871156262e+03,9.983517735763445256e-01
5.443860005226935755e+03,9.979709972113470773e-01
5.443910009582716157e+03,9.972076163563051709e-01
5.443960013938496559e+03,9.960587956092334938e-01
5.444010018294276961e+03,9.948166905998623299e-01
5.444060022650056453e+03,9.941137358569622773e-01
5.444110027005836855e+03,9.938174698157811182e-01
5.444160031361617257e+03,9.939210485237051085e-01
5.444210035717396750e+03,9.945754621645146454e-01
5.444260040073177151e+03,9.954821002189011558e-01
5.444310044428957553e+03,9.959243835544957513e-01
5.444360048784737046e+03,9.951100653801543405e-01
5.444410053140517448e+03,9.924264172315844235e-01
5.448010366756686381e+03,9.908349810302532479e-01
5.448060371112465873e+03,9.913766134061758883e-01
5.449110462583848857e+03,9.901026941411403826e-01
5.449160466939629259e+03,9.921850012567183796e-01
5.449210471295408752e+03,9.931217498269168109e-01
5.449260475651189154e+03,9.939128960692709125e-01
5.449310480006969556e+03,9.952484425511434196e-01
5.449360484362749048e+03,9.961784938285684898e-01
5.449410488718529450e+03,9.966873867224863570e-01
5.449460493074309852e+03,9.965754922289382645e-01
5.449510497430089345e+03,9.959723081829737756e-01
5.449560501785869747e+03,9.946404971161162401e-01
5.449610506141650148e+03,9.924460908459230568e-01
5.449660510497429641e+03,9.903517315380632180e-01
5.449860527920550339e+03,9.910950986262474505e-01
5.449910532276330741e+03,9.938320258211663649e-01
5.449960536632111143e+03,9.959830377506428967e-01
5.450010540987890636e+03,9.972352864514834048e-01
5.450060545343671038e+03,9.976606794236194675e-01
5.450110549699451440e+03,9.974504848906153853e-01
5.450160554055230932e+03,9.964492853963851093e-01
5.450210558411011334e+03,9.952245685362114402e-01
5.450260562766791736e+03,9.939685625025531657e-01
5.450310567122571229e+03,9.931931996367425741e-01
5.450360571478351631e+03,9.928437985485178974e-01
5.450410575834132032e+03,9.926122200267951667e-01
5.450460580189912434e+03,9.930531310418682089e-01
5.450510584545691927e+03,9.937663913165066809e-01
5.450560588901472329e+03,9.944346405830916114e-01
5.450610593257252731e+03,9.945058957375448871e-01
5.450660597613032223e+03,9.938496434789525491e-01
5.450710601968812625e+03,9.933985267901416227e-01
5.450760606324593027e+03,9.932595964816959277e-01
5.450810610680372520e+03,9.932424342777361748e-01
5.450860615036152922e+03,9.931648488058651969e-01
5.450910619391933324e+03,9.937342406360762936e-01
5.450960623747712816e+03,9.948535064600866340e-01
5.451010628103493218e+03,9.963830405734643847e-01
5.451060632459273620e+03,9.974346695979542377e-01
5.451110636815054022e+03,9.978139043311107237e-01
5.451160641170833514e+03,9.968631907581255724e-01
5.451210645526613916e+03,9.951048064861323095e-01
5.451260649882394318e+03,9.929811959802601340e-01
5.451310654238173811e+03,9.910184119117870782e-01
5.451510671661294509e+03,9.906648854019736161e-01
5.451560676017074911e+03,9.923419241870578000e-01
5.451610680372854404e+03,9.936944641796816580e-01
5.451660684728634806e+03,9.942533754988049921e-01
5.451710689084415208e+03,9.931475214365970139e-01
5.452510758776897092e+03,9.933301252967641215e-01
5.452560763132677494e+03,9.956293868731469487e-01
5.452610767488456986e+03,9.929902929239080578e-01
5.454310915584981558e+03,9.903218520276966252e-01
5.456811133373987104e+03,9.905344980759068774e-01
5.456861137729767506e+03,9.920079226660254434e-01
5.456911142085547908e+03,9.906535224692958330e-01
5.457761216133809285e+03,9.935656247219311066e-01
5.457811220489589687e+03,9.969410625064556442e-01
5.457861224845370089e+03,9.975359737689132311e-01
5.457911229201149581e+03,9.968536226577719983e-01
5.457961233556929983e+03,9.956202424999260892e-01
5.458011237912710385e+03,9.945170138617567268e-01
5.458061242268489877e+03,9.937693730766622435e-01
5.458111246624270279e+03,9.932871186885054993e-01
5.458161250980050681e+03,9.934373599035326574e-01
5.458211255335831083e+03,9.944009607129740136e-01
5.458261259691610576e+03,9.955788229441797643e-01
5.458311264047390978e+03,9.967915414758925507e-01
5.458361268403171380e+03,9.974255142809611563e-01
5.458411272758950872e+03,9.975942169751087496e-01
5.458461277114731274e+03,9.970357922664430106e-01
5.458511281470511676e+03,9.960147019758048836e-01
5.458561285826291169e+03,9.949080671656078678e-01
5.458611290182071571e+03,9.941035717856413489e-01
5.458661294537851973e+03,9.938391667839839849e-01
5.458711298893631465e+03,9.941596718432972324e-01
5.458761303249411867e+03,9.951522990142667169e-01
5.458811307605192269e+03,9.963433840898645588e-01
5.458861311960972671e+03,9.969636362467731994e-01
5.458911316316752163e+03,9.966472074657085622e-01
5.458961320672532565e+03,9.956852946128988968e-01
5.459011325028312967e+03,9.944273119654544191e-01
5.459061329384092460e+03,9.934440523328430528e-01
5.459111333739872862e+03,9.925812676369798471e-01
5.459161338095653264e+03,9.923840760595173949e-01
5.459211342451432756e+03,9.930400356886497359e-01
5.459261346807213158e+03,9.940843046829996865e-01
5.459311351162993560e+03,9.953108436729251052e-01
5.459361355518773053e+03,9.963889358568719379e-01
5.459411359874553455e+03,9.973155408106757491e-01
5.459461364230333857e+03,9.976770836763187988e-01
5.459511368586113349e+03,9.972462202661959152e-01
5.459561372941893751e+03,9.963812337244306594e-01
5.459611377297674153e+03,9.955200721843193712e-01
5.459661381653454555e+03,9.951348194591951302e-01
5.459711386009234047e+03,9.951770554506542688e-01
5.459761390365014449e+03,9.958909544959508864e-01
5.459811394720794851e+03,9.972332238623966560e-01
5.459861399076574344e+03,9.985888889131138146e-01
5.459911403432354746e+03,9.993467545446325095e-01
5.459961407788135148e+03,9.993232523863335715e-01
5.460011412143914640e+03,9.988239869223234368e-01
5.460061416499695042e+03,9.978224929023209455e-01
5.460111420855475444e+03,9.969566555237090455e-01
5.460161425211254937e+03,9.963928760343063740e-01
5.460211429567035339e+03,9.948724120925414027e-01
5.461161512326857519e+03,9.922587388583534729e-01
5.461211516682637921e+03,9.945845291399295629e-01
5.461261521038418323e+03,9.933361180196065288e-01
5.461811568951999107e+03,9.913284372304687064e-01
5.461861573307779508e+03,9.929932163866129757e-01
5.461911577663559910e+03,9.937114867946194030e-01
5.461961582019339403e+03,9.944780290850251392e-01
5.462011586375119805e+03,9.952004601232568026e-01
5.462061590730900207e+03,9.955847411967166938e-01
5.462111595086679699e+03,9.959210837767507041e-01
5.462161599442460101e+03,9.961937144041641545e-01
5.462211603798240503e+03,9.938764457789703854e-01
5.464561808519905753e+03,9.925341840337897903e-01
5.464611812875686155e+03,9.968774928527841528e-01
5.464661817231466557e+03,9.977806695828336236e-01
5.464711821587246050e+03,9.979568361552775269e-01
5.464761825943026452e+03,9.979134132266089807e-01
5.464811830298806854e+03,9.976513030427085482e-01
5.464861834654586346e+03,9.970033769802795209e-01
5.464911839010366748e+03,9.954069775754851301e-01
5.464961843366147150e+03,9.932638265089610563e-01
5.465011847721926642e+03,9.910403626055366288e-01
5.465261869500827743e+03,9.903754276318355032e-01
5.465311873856608145e+03,9.921207104817444389e-01
5.465361878212387637e+03,9.936423648318802870e-01
5.465411882568168039e+03,9.948793763179645255e-01
5.465461886923948441e+03,9.963412127792190542e-01
5.465511891279727934e+03,9.974552987945184412e-01
5.465561895635508336e+03,9.971301478058116619e-01
5.465611899991288738e+03,9.950156112712995604e-01
5.465661904347068230e+03,9.918201072700439935e-01
5.465961930481749732e+03,9.903416874010498860e-01
5.466011934837529225e+03,9.916928699815207304e-01
5.466061939193309627e+03,9.918598524656762061e-01
5.467262043732031998e+03,9.915826947858747964e-01
5.467312048087812400e+03,9.918716317155834572e-01
5.467362052443592802e+03,9.900579489624115048e-01
5.468562156982315173e+03,9.900895101844300328e-01
5.468612161338095575e+03,9.943445633892434854e-01
5.468662165693875977e+03,9.965525662575401844e-01
5.468712170049655469e+03,9.972016398280365568e-01
5.468762174405435871e+03,9.973547134336334663e-01
5.468812178761216273e+03,9.974829802740282636e-01
5.468862183116996675e+03,9.980059969962595812e-01
5.468912187472776168e+03,9.981384317792092453e-01
5.468962191828556570e+03,9.971552207273545188e-01
5.469012196184336972e+03,9.938307202112535155e-01
5.469612248453698157e+03,9.929489798617716634e-01
5.469662252809478559e+03,9.951238659478952586e-01
5.469712257165258052e+03,9.969610994345332600e-01
5.469762261521038454e+03,9.982081475648751923e-01
5.469812265876818856e+03,9.974536457803735434e-01
5.469862270232598348e+03,9.919927669996186914e-01
5.471462409617562116e+03,9.949801641984011846e-01
5.471512413973342518e+03,9.979499333269603589e-01
5.471562418329122920e+03,9.982976816216205806e-01
5.471612422684902413e+03,9.981009280274558693e-01
5.471662427040682815e+03,9.980225042450577844e-01
5.471712431396463217e+03,9.980461325067964129e-01
5.471762435752243618e+03,9.981667551295393404e-01
5.471812440108023111e+03,9.983915283407623908e-01
5.471862444463803513e+03,9.986752426733629395e-01
5.471912448819583915e+03,9.986904326201307969e-01
5.471962453175363407e+03,9.983736573080511656e-01
5.472012457531143809e+03,9.972291929112671038e-01
5.472062461886924211e+03,9.946411482206286570e-01
5.472112466242703704e+03,9.901673630819269878e-01
5.474812701454830858e+03,9.902572852841267093e-01
5.474862705810610350e+03,9.916413579559804070e-01
5.474912710166390752e+03,9.932277990478632912e-01
5.474962714522171154e+03,9.942679890458367975e-01
5.475012718877950647e+03,9.947733215420373476e-01
5.475062723233731049e+03,9.949990867966895802e-01
5.475112727589511451e+03,9.945286703866001998e-01
5.475162731945290943e+03,9.925439606392750802e-01
5.479063071696140469e+03,9.908777475023342607e-01
5.479113076051920871e+03,9.922078284622144473e-01
5.479163080407701273e+03,9.935821608705404095e-01
5.479213084763480765e+03,9.949082893813249173e-01
5.479263089119261167e+03,9.960083539211407322e-01
5.479313093475041569e+03,9.967185917177320276e-01
5.479363097830821062e+03,9.972038165491710071e-01
5.479413102186601463e+03,9.975970610462905341e-01
5.479463106542381865e+03,9.978361939748292553e-01
5.479513110898162267e+03,9.979918474200795142e-01
5.479563115253941760e+03,9.978731396265603237e-01
5.479613119609722162e+03,9.976561746685723708e-01
5.479663123965502564e+03,9.975365284070314420e-01
5.479713128321282056e+03,9.974567742043359830e-01
5.479763132677062458e+03,9.972941231262446582e-01
5.479813137032842860e+03,9.973390235869703524e-01
5.479863141388622353e+03,9.974566496785026715e-01
5.479913145744402755e+03,9.974276153205474671e-01
5.479963150100183157e+03,9.972220603868984234e-01
5.480013154455962649e+03,9.968734923736497500e-01
5.480063158811743051e+03,9.968708128939396396e-01
5.480113163167523453e+03,9.968407358732014334e-01
5.480163167523303855e+03,9.964894212360596581e-01
5.480213171879083347e+03,9.948100680487917957e-01
5.480263176234863749e+03,9.903418542113222589e-01
5.482763394023869296e+03,9.928743904060218783e-01
5.482813398379649698e+03,9.935577669544255475e-01
5.483663472427911984e+03,9.902306859393711358e-01
5.484263524697273169e+03,9.965504273725405149e-01
5.484313529053053571e+03,9.987258693286493738e-01
5.484363533408833973e+03,9.971756258811677043e-01
5.484413537764613466e+03,9.914553871630703563e-01
5.484863576966634355e+03,9.925615791361251938e-01
5.484913581322414757e+03,9.949662134029658711e-01
5.484963585678195159e+03,9.957959353203204023e-01
5.485013590033974651e+03,9.962789032470031891e-01
5.485063594389755053e+03,9.967980689529317706e-01
5.485113598745535455e+03,9.976297137432557083e-01
5.485163603101315857e+03,9.982947490025100290e-01
5.485213607457095350e+03,9.983513264633128159e-01
5.485263611812875752e+03,9.970167142591621623e-01
5.485313616168656154e+03,9.944341916480849974e-01
5.485363620524435646e+03,9.913510360956562240e-01
5.485863664082236937e+03,9.918411457831239897e-01
5.485913668438017339e+03,9.945279558220648797e-01
5.485963672793797741e+03,9.953506393767541649e-01
5.486013677149577234e+03,9.949217133821551817e-01
5.486063681505357636e+03,9.941400920095240235e-01
5.486113685861138038e+03,9.934952336815174867e-01
5.486163690216917530e+03,9.933576204489924510e-01
5.486213694572697932e+03,9.938948976413922720e-01
5.486263698928478334e+03,9.947926931870090250e-01
5.486313703284257826e+03,9.953006733490331603e-01
5.486363707640038228e+03,9.948660551040657829e-01
5.486413711995818630e+03,9.933633160641383020e-01
5.486463716351598123e+03,9.908386617749846970e-01
5.488563899294363182e+03,9.905604952156146226e-01
5.488613903650143584e+03,9.938426139275819970e-01
5.488663908005923986e+03,9.961108854541859126e-01
5.488713912361704388e+03,9.976956542472071865e-01
5.488763916717483880e+03,9.986639370995467058e-01
5.488813921073264282e+03,9.992605447293640974e-01
5.488863925429044684e+03,9.993552315130900254e-01
5.488913929784824177e+03,9.992286807840367047e-01
5.488963934140604579e+03,9.992277926875047234e-01
5.489013938496384981e+03,9.991816270501954200e-01
5.489063942852164473e+03,9.990807193341428860e-01
5.489113947207944875e+03,9.988771977933111890e-01
5.489163951563725277e+03,9.986948776659962945e-01
5.489213955919504770e+03,9.985733089866033474e-01
5.489263960275285172e+03,9.986172490972021754e-01
5.489313964631065573e+03,9.986965544033963305e-01
5.489363968986845975e+03,9.980104366062297894e-01
5.489413973342625468e+03,9.956563236579009102e-01
5.489463977698405870e+03,9.906453367599910020e-01
5.491264134506490336e+03,9.942037465296623688e-01
5.491314138862269829e+03,9.979717481617209618e-01
5.491364143218050231e+03,9.994369153573408049e-01
5.491414147573830633e+03,9.997370072074480696e-01
5.491464151929611035e+03,9.997966314772224194e-01
5.491514156285390527e+03,9.998125759967255721e-01
5.491564160641170929e+03,9.983303651484116692e-01
5.491614164996951331e+03,9.922517960736652043e-01
5.492364230333652813e+03,9.914596958081489664e-01
5.492414234689433215e+03,9.932706046453967375e-01
5.492464239045212707e+03,9.944678684719716610e-01
5.492514243400993109e+03,9.953469743574872020e-01
5.492564247756773511e+03,9.958879240103111208e-01
5.492614252112553004e+03,9.952750462444479584e-01
5.494064378430176475e+03,9.930477947797142768e-01
5.494114382785956877e+03,9.964018296525893881e-01
5.494164387141737279e+03,9.962633739618385054e-01
5.494214391497516772e+03,9.914153256799167480e-01
5.495164474257339862e+03,9.953330134155480291e-01
5.495214478613119354e+03,9.970279455055224282e-01
5.495264482968899756e+03,9.969063656865917444e-01
5.495314487324680158e+03,9.963334207957330602e-01
5.495364491680459651e+03,9.959935327818196793e-01
5.495414496036240052e+03,9.949564897392264573e-01
5.495464500392020454e+03,9.918630933404533057e-01
5.496164561372941535e+03,9.925239748275181961e-01
5.496214565728721936e+03,9.947356176955066687e-01
5.496264570084502338e+03,9.942413943278856081e-01
5.496314574440281831e+03,9.900206077208473232e-01
5.498164735604146699e+03,9.938907882874171706e-01
5.498214739959927101e+03,9.954202838064397652e-01
5.498264744315706594e+03,9.955725074315693313e-01
5.498314748671486996e+03,9.949684046174600560e-01
5.498364753027267398e+03,9.946582926455651563e-01
5.498414757383046890e+03,9.947195321115801514e-01
5.498464761738827292e+03,9.951443063300766667e-01
5.498514766094607694e+03,9.956972563098583917e-01
5.498564770450388096e+03,9.959238852096489181e-01
5.498614774806167588e+03,9.960990301528387381e-01
5.498664779161947990e+03,9.961002332373029011e-01
5.498714783517728392e+03,9.956901181458639449e-01
5.498764787873507885e+03,9.950421210843221065e-01
5.498814792229288287e+03,9.943252801791951923e-01
5.498864796585068689e+03,9.934311382918421529e-01
5.498914800940848181e+03,9.929038940749463915e-01
5.498964805296628583e+03,9.928284168134428045e-01
5.499014809652408985e+03,9.926171621378443444e-01
5.499064814008188478e+03,9.927366478223382806e-01
5.499114818363968880e+03,9.929470796001222954e-01
5.499164822719749282e+03,9.929862445515639235e-01
5.499214827075529683e+03,9.921841889141574944e-01
5.499264831431309176e+03,9.908341324703331399e-01
5.499464848854429874e+03,9.902239329172135562e-01
5.499514853210210276e+03,9.920182412112545922e-01
5.499564857565989769e+03,9.941227929833157395e-01
5.499614861921770171e+03,9.956096430072601811e-01
5.499664866277550573e+03,9.963279036770786856e-01
5.499714870633330065e+03,9.965588967890650629e-01
5.499764874989110467e+03,9.967127023020525556e-01
5.499814879344890869e+03,9.968356133713722755e-01
5.499864883700670362e+03,9.969192798087801455e-01
5.499914888056450764e+03,9.968059375295811320e-01
5.499964892412231166e+03,9.968055163866172963e-01
5.500014896768011567e+03,9.968705561339274990e-01
5.500064901123791060e+03,9.970386875142187577e-01
5.500114905479571462e+03,9.971849942900357089e-01
5.500164909835351864e+03,9.974602590657314360e-01
5.500214914191131356e+03,9.975766692141687653e-01
5.500264918546911758e+03,9.972187641303267291e-01
5.500314922902692160e+03,9.966013133498129450e-01
5.500364927258471653e+03,9.956867599476506570e-01
5.500414931614252055e+03,9.945493731676476878e-01
5.500464935970032457e+03,9.927898258220457794e-01
5.500514940325811949e+03,9.911984202915823383e-01
5.501014983883613240e+03,9.901277004152364558e-01
5.502315097133896415e+03,9.954345456206307174e-01
5.502365101489676817e+03,9.978341313148511027e-01
5.502415105845457219e+03,9.983963132572455379e-01
5.502465110201236712e+03,9.987150154984903994e-01
5.502515114557017114e+03,9.988858259861155275e-01
5.502565118912797516e+03,9.991786577361184696e-01
5.502615123268577008e+03,9.990789887712728801e-01
5.502665127624357410e+03,9.980428272769876763e-01
5.502715131980137812e+03,9.951948589700667647e-01
5.502765136335918214e+03,9.904552824272896405e-01
5.503415192961058892e+03,9.918090893532398589e-01
5.503465197316839294e+03,9.938675042777354030e-01
5.503515201672619696e+03,9.937106594338303012e-01
5.503565206028400098e+03,9.929770921525248317e-01
5.503615210384179591e+03,9.909208856798084053e-01
5.505115341057583464e+03,9.950272455590124521e-01
5.505165345413363866e+03,9.978671727796802893e-01
5.505215349769143359e+03,9.987238638453723727e-01
5.505265354124923761e+03,9.983656614017191178e-01
5.505315358480704163e+03,9.976700848712618530e-01
5.505365362836483655e+03,9.966355291869621880e-01
5.505415367192264057e+03,9.955491316415829850e-01
5.505465371548044459e+03,9.945464969086964535e-01
5.505515375903823951e+03,9.924864523180672027e-01
5.507265528356128925e+03,9.908161301151644507e-01
5.507315532711908418e+03,9.915006828408514661e-01
5.507365537067688820e+03,9.920021128685800882e-01
5.507415541423469222e+03,9.925027863644859671e-01
5.507465545779248714e+03,9.920700407063661741e-01
5.507965589337050005e+03,9.919694519758479601e-01
5.508015593692830407e+03,9.957375869251856582e-01
5.508065598048610809e+03,9.970398372481726890e-01
5.508115602404390302e+03,9.967486917652136347e-01
5.508165606760170704e+03,9.949236842245364754e-01
5.508215611115951106e+03,9.915639353673626477e-01
5.508815663385312291e+03,9.909121448227589113e-01
5.508865667741092693e+03,9.958581577740228674e-01
5.508915672096872186e+03,9.973515998622303202e-01
5.508965676452652588e+03,9.974477028788260036e-01
5.509015680808432990e+03,9.973446205668041742e-01
5.509065685164212482e+03,9.975438263291639407e-01
5.509115689519992884e+03,9.978657090955460607e-01
5.509165693875773286e+03,9.981487827269881485e-01
5.509215698231553688e+03,9.984017697600926500e-01
5.509265702587333180e+03,9.983691091247337557e-01
5.509315706943113582e+03,9.981937341174165201e-01
5.509365711298893984e+03,9.981589286837685426e-01
5.509415715654673477e+03,9.979484243112243247e-01
5.509465720010453879e+03,9.979030094068306322e-01
5.509515724366234281e+03,9.983432683416393338e-01
5.509565728722013773e+03,9.987305087882178967e-01
5.509615733077794175e+03,9.971293109795940079e-01
5.510965850683857752e+03,9.924007910214011075e-01
5.511015855039637245e+03,9.937301446902486735e-01
5.511065859395417647e+03,9.940199731512815440e-01
5.511115863751198049e+03,9.938772341304981106e-01
5.511165868106977541e+03,9.935544631201700394e-01
5.511215872462757943e+03,9.923039707092401462e-01
5.511265876818538345e+03,9.900708924173325931e-01
5.513366059761303404e+03,9.913283482403977276e-01
5.513416064117083806e+03,9.934063469639617949e-01
5.513466068472863299e+03,9.955554606705566689e-01
5.513516072828643701e+03,9.971845663509255608e-01
5.513566077184424103e+03,9.981762922670659455e-01
5.513616081540203595e+03,9.984590567476605560e-01
5.513666085895983997e+03,9.982697121967539777e-01
5.513716090251764399e+03,9.978369914900210302e-01
5.513766094607543891e+03,9.973885692368085198e-01
5.513816098963324293e+03,9.971413481339725937e-01
5.513866103319104695e+03,9.969215136504928632e-01
5.513916107674884188e+03,9.965062595384218680e-01
5.513966112030664590e+03,9.944289534684820353e-01
5.515316229636728167e+03,9.902280717501126261e-01
5.515366233992507659e+03,9.915289784429874853e-01
5.515416238348288061e+03,9.921326519377999809e-01
5.515466242704068463e+03,9.931870061980233588e-01
5.515516247059847956e+03,9.945413046754266739e-01
5.515566251415628358e+03,9.958268497617210890e-01
5.515616255771408760e+03,9.967337255687174213e-01
5.515666260127189162e+03,9.973475396031727946e-01
5.515716264482968654e+03,9.969858145398791116e-01
5.515766268838749056e+03,9.946299308444127574e-01
5.515816273194529458e+03,9.904009418517532026e-01
5.516166303684989543e+03,9.913929903635047003e-01
5.516216308040769945e+03,9.932019041152111427e-01
5.516266312396550347e+03,9.904779235416263372e-01
5.517766443069954221e+03,9.943053664660841395e-01
5.517816447425733713e+03,9.979971894910584229e-01
5.517866451781514115e+03,9.976985338349022570e-01
5.517916456137294517e+03,9.939486204284959658e-01
5.518966547608676592e+03,9.904823617018878590e-01
5.519016551964456994e+03,9.930241881262181769e-01
5.519066556320236486e+03,9.948897284596461832e-01
5.519116560676016888e+03,9.961072598277684875e-01
5.519166565031797290e+03,9.961368416690992156e-01
5.519216569387577692e+03,9.946721428922419284e-01
5.519266573743357185e+03,9.918696786892503559e-01
5.521766791532363641e+03,9.904472558774468638e-01
5.521816795888143133e+03,9.916032038401736415e-01
5.521866800243923535e+03,9.935303251757596765e-01
5.521916804599703937e+03,9.955098694938340209e-01
5.521966808955484339e+03,9.969226242043622843e-01
5.522016813311263832e+03,9.972265198943388587e-01
5.522066817667044234e+03,9.970046843808713088e-01
5.522116822022824635e+03,9.966663982609816896e-01
5.522166826378604128e+03,9.945365407291999471e-01
5.522716874292185821e+03,9.925268576809658239e-01
5.522766878647966223e+03,9.971893446077764178e-01
5.522816883003745716e+03,9.981811333309993373e-01
5.522866887359526118e+03,9.982038976612388481e-01
5.522916891715306519e+03,9.981154538137125831e-01
5.522966896071086012e+03,9.964626351993381981e-01
5.523016900426866414e+03,9.908539747584532709e-01
5.524717048523390986e+03,9.907878752270248279e-01
5.525867148706332955e+03,9.906063579730783886e-01
5.525917153062113357e+03,9.919537530250150947e-01
5.525967157417893759e+03,9.916544852384241437e-01
5.526017161773673251e+03,9.911067118686771593e-01
5.526067166129453653e+03,9.906245244071305578e-01
5.526317187908354754e+03,9.911724640250054730e-01
5.526367192264134246e+03,9.924936512992843518e-01
5.526417196619914648e+03,9.937435604972386649e-01
5.526467200975695050e+03,9.945192732203750330e-01
5.526517205331474543e+03,9.904887511423050572e-01
5.530167523303423877e+03,9.946577197776067525e-01
5.530217527659203370e+03,9.972024665939802635e-01
5.530267532014983772e+03,9.977913781188122444e-01
5.530317536370764174e+03,9.972839637068601215e-01
5.530367540726543666e+03,9.965397079967223126e-01
5.530417545082324068e+03,9.954708396660139069e-01
5.530467549438104470e+03,9.923567869415652609e-01
5.531117606063246058e+03,9.945296173311591881e-01
5.531167610419026460e+03,9.961598923052888965e-01
5.531217614774805952e+03,9.969520826719620032e-01
5.531267619130586354e+03,9.978039113926527870e-01
5.531317623486366756e+03,9.984424601583996584e-01
5.531367627842146248e+03,9.985723327195437093e-01
5.531417632197926650e+03,9.972800538680537397e-01
5.531467636553707052e+03,9.938430496985705132e-01
5.533967854342712599e+03,9.930595982304294411e-01
5.534017858698493001e+03,9.962923744015963479e-01
5.534067863054273403e+03,9.973025245673743377e-01
5.534117867410052895e+03,9.965044110953318324e-01
5.534167871765833297e+03,9.945077039645976447e-01
5.534217876121613699e+03,9.926634452027870426e-01
5.534267880477393192e+03,9.910385807708245176e-01
5.535768011150797065e+03,9.909154236992916420e-01
5.535818015506577467e+03,9.924171266786584455e-01
5.535868019862356959e+03,9.920464820311934995e-01
5.535918024218137361e+03,9.900698006761532444e-01
5.536868106977959542e+03,9.921570161159450896e-01
5.536918111333739944e+03,9.918394180479414013e-01
5.537218137468420537e+03,9.902785180415536459e-01
5.537268141824200939e+03,9.939842022312911363e-01
5.537318146179980431e+03,9.969895233464629580e-01
5.537368150535760833e+03,9.981711918647390158e-01
5.537418154891541235e+03,9.960286765464767544e-01
5.538168220228242717e+03,9.904963260135382086e-01
5.538818276853384305e+03,9.907602844901540751e-01
5.538868281209164707e+03,9.916602369454649013e-01
5.538918285564945108e+03,9.906445366469396330e-01
5.539568342190086696e+03,9.913843496260705823e-01
5.540918459796149364e+03,9.921415390728942629e-01
5.540968464151929766e+03,9.942311637898955112e-01
5.541018468507710168e+03,9.956701140873436273e-01
5.541068472863489660e+03,9.965546688573494460e-01
5.541118477219270062e+03,9.971724436243407652e-01
5.541168481575050464e+03,9.976904345949926256e-01
5.541218485930829956e+03,9.983419132596137446e-01
5.541268490286610358e+03,9.987285310977767061e-01
5.541318494642390760e+03,9.979644696834454320e-01
5.541368498998170253e+03,9.953686874493797854e-01
5.541418503353950655e+03,9.907669944384456251e-01
5.541868542555971544e+03,9.913929180930020069e-01
5.541918546911751946e+03,9.923405065064503372e-01
5.541968551267532348e+03,9.927989889674418977e-01
5.542018555623311840e+03,9.930147576652962327e-01
5.542068559979092242e+03,9.934479999500955838e-01
5.542118564334872644e+03,9.941831433644906513e-01
5.542168568690652137e+03,9.948323212318209707e-01
5.542218573046432539e+03,9.954495943104672007e-01
5.542268577402212941e+03,9.964195959449827500e-01
5.542318581757992433e+03,9.970397651096851721e-01
5.542368586113772835e+03,9.974675740070777508e-01
5.542418590469553237e+03,9.975327747071310869e-01
5.542468594825333639e+03,9.973869654473696000e-01
5.542518599181113132e+03,9.965342725552229775e-01
5.542568603536893534e+03,9.952601419647868486e-01
5.542618607892673936e+03,9.942545504180270166e-01
5.542668612248453428e+03,9.937183996709757494e-01
5.542718616604233830e+03,9.932020976790087996e-01
5.542768620960014232e+03,9.918770737739834864e-01
5.543568690652496116e+03,9.915558440224339076e-01
5.543618695008275608e+03,9.925310390521362436e-01
5.544468769056537894e+03,9.914641802624601929e-01
5.544518773412318296e+03,9.926961683314001750e-01
5.544568777768098698e+03,9.923061895707558921e-01
5.545318843104800180e+03,9.906964004657007328e-01
5.545368847460580582e+03,9.926826862330752066e-01
5.545418851816360075e+03,9.950907686668257757e-01
5.545468856172140477e+03,9.970541183755818881e-01
5.545518860527920879e+03,9.983370347699116465e-01
5.545568864883700371e+03,9.991121730297094494e-01
5.545618869239480773e+03,9.991675836799873700e-01
5.545668873595261175e+03,9.961052178408862368e-01
5.547269012980224943e+03,9.900074015454810583e-01
5.547319017336004435e+03,9.931397500668466272e-01
5.547369021691784837e+03,9.943787910592983836e-01
5.547419026047565239e+03,9.953507020510117265e-01
5.547469030403345641e+03,9.959189432399839781e-01
5.547519034759125134e+03,9.952042733970335453e-01
5.547569039114905536e+03,9.933136646899165534e-01
5.547619043470685938e+03,9.911742175000926025e-01
5.547919069605366531e+03,9.913664445733174624e-01
5.547969073961146023e+03,9.928705308807159735e-01
5.548019078316926425e+03,9.934290762573541045e-01
5.548069082672706827e+03,9.926247857606704805e-01
5.548119087028487229e+03,9.905862115032184612e-01
5.548719139297848415e+03,9.917001211567959551e-01
5.548769143653627907e+03,9.934301886823379002e-01
5.548819148009408309e+03,9.938766723009118120e-01
5.548869152365188711e+03,9.935281241661492180e-01
5.548919156720969113e+03,9.928118651800024175e-01
5.548969161076748605e+03,9.922221764260683585e-01
5.549019165432529007e+03,9.921383351069027468e-01
5.549069169788309409e+03,9.913624700575844884e-01
5.550169265615471886e+03,9.913182075268665017e-01
5.550219269971252288e+03,9.964318943270558115e-01
5.550269274327031781e+03,9.980424323243171081e-01
5.550319278682812183e+03,9.983034436056583694e-01
5.550369283038592584e+03,9.980800124781736837e-01
5.550419287394372077e+03,9.977124801688788125e-01
5.550469291750152479e+03,9.968933130974654278e-01
5.550519296105932881e+03,9.961688887500691481e-01
5.550569300461712373e+03,9.954580828414056892e-01
5.550619304817492775e+03,9.947053476938487737e-01
5.550669309173273177e+03,9.936074328162420866e-01
5.550719313529052670e+03,9.918527774498007155e-01
5.551169352731074468e+03,9.921790420610909766e-01
5.551219357086853961e+03,9.950103647613877111e-01
5.551269361442634363e+03,9.961875087782599003e-01
5.551319365798414765e+03,9.955857619208011711e-01
5.551369370154194257e+03,9.933161671104813184e-01
5.551419374509974659e+03,9.903012025585464784e-01
5.552469465981357644e+03,9.902767224726198858e-01
5.552519470337137136e+03,9.903498873407956538e-01
5.552919505183378533e+03,9.900335058710482139e-01
5.553969596654760608e+03,9.902326501424628669e-01
5.554019601010541010e+03,9.932511068251793640e-01
5.554069605366321412e+03,9.940810000081574671e-01
5.554119609722100904e+03,9.939518066189130252e-01
5.554169614077881306e+03,9.929305686793108432e-01
5.554219618433661708e+03,9.912585186923499325e-01
5.554469640212561899e+03,9.911356831078512730e-01
5.554519644568342301e+03,9.930855040444417359e-01
5.554569648924122703e+03,9.936068463905908255e-01
5.555819757818625476e+03,9.908814749939531819e-01
5.555869762174404968e+03,9.938590888987419714e-01
5.555919766530185370e+03,9.953254041725532186e-01
5.555969770885965772e+03,9.948883669388848272e-01
5.556019775241746174e+03,9.922441664792456262e-01
5.558219966896071128e+03,9.912612412225013658e-01
5.558269971251851530e+03,9.950956007681128757e-01
5.558319975607631022e+03,9.960355787713280895e-01
5.558369979963411424e+03,9.963209176544061130e-01
5.558419984319191826e+03,9.967516432984162567e-01
5.558469988674971319e+03,9.969756133691520805e-01
5.558519993030751721e+03,9.966984949652806236e-01
5.558569997386532123e+03,9.945804540693675699e-01
5.559270058367453203e+03,9.924709406442974169e-01
5.559320062723233605e+03,9.950193421167810026e-01
5.559370067079014007e+03,9.956240187495164484e-01
5.559420071434793499e+03,9.928995261643349668e-01
5.560670180329297182e+03,9.910475100727704767e-01
5.560720184685076674e+03,9.933488815543805028e-01
5.560770189040857076e+03,9.952794813244314476e-01
5.560820193396637478e+03,9.966818312915782796e-01
5.560870197752417880e+03,9.973899887704634759e-01
5.560920202108197373e+03,9.974405693931507333e-01
5.560970206463977775e+03,9.974249904431146119e-01
5.561020210819758177e+03,9.972435178911046583e-01
5.561070215175537669e+03,9.972222280908056291e-01
5.561120219531318071e+03,9.977082044125007432e-01
5.561170223887098473e+03,9.983047338357287082e-01
5.561220228242877965e+03,9.986756006987282941e-01
5.561270232598658367e+03,9.985415499742436030e-01
5.561320236954438769e+03,9.977653891660741570e-01
5.561370241310218262e+03,9.965759462863623686e-01
5.561420245665998664e+03,9.949977224279669130e-01
5.561470250021779066e+03,9.928106053989272928e-01
5.561520254377559468e+03,9.905652501927706410e-01
5.563270406829863532e+03,9.925613888118853811e-01
5.563970467810784612e+03,9.901599747159021137e-01
5.564020472166565014e+03,9.945806511386394710e-01
5.564070476522345416e+03,9.948069783854374126e-01
5.564120480878124908e+03,9.933750485426346977e-01
5.564170485233905310e+03,9.911768387877957220e-01
5.564470511368585903e+03,9.916238378656893060e-01
5.564520515724366305e+03,9.936914003002046414e-01
5.564570520080146707e+03,9.951416645907334990e-01
5.564620524435926200e+03,9.957563954289181396e-01
5.564670528791706602e+03,9.959433953234918535e-01
5.564720533147487004e+03,9.956294882757725784e-01
5.564770537503266496e+03,9.951374736459075443e-01
5.564820541859046898e+03,9.945085268107822785e-01
5.564870546214827300e+03,9.939438338281144647e-01
5.564920550570606792e+03,9.937650135730011769e-01
5.564970554926387194e+03,9.940724458117529139e-01
5.565020559282167596e+03,9.949580779174598266e-01
5.565070563637947998e+03,9.956610318812246785e-01
5.565120567993727491e+03,9.957178928962179265e-01
5.565170572349507893e+03,9.941166517293763549e-01
5.566270668176670370e+03,9.906371126798179105e-01
5.566320672532450772e+03,9.915931752450195535e-01
5.566370676888230264e+03,9.909230355821533331e-01
5.568270842407875534e+03,9.926905507869716594e-01
5.568320846763655027e+03,9.938010677205226795e-01
5.568370851119435429e+03,9.924922608806698854e-01
5.570821064552661483e+03,9.920027899200052346e-01
5.570871068908441885e+03,9.933529269181109456e-01
5.570921073264221377e+03,9.940858255783556752e-01
5.570971077620001779e+03,9.948469944286455480e-01
5.571021081975782181e+03,9.952086826583347312e-01
5.571071086331561673e+03,9.954427536964873813e-01
5.571121090687342075e+03,9.954156211767258844e-01
5.571171095043122477e+03,9.956688679129757080e-01
5.571221099398901970e+03,9.955903066792107792e-01
5.571271103754682372e+03,9.955324406863768072e-01
5.571321108110462774e+03,9.953018249453097210e-01
5.571371112466242266e+03,9.953281159605501527e-01
5.571421116822022668e+03,9.954065911727307814e-01
5.571471121177803070e+03,9.954520515056770602e-01
5.571521125533583472e+03,9.956983653212321261e-01
5.571571129889362965e+03,9.959794117895892640e-01
5.571621134245143367e+03,9.960905562218780318e-01
5.571671138600923769e+03,9.961213604046752490e-01
5.571721142956703261e+03,9.963496526295128053e-01
5.571771147312483663e+03,9.966814885216426223e-01
5.571821151668264065e+03,9.969370620013865425e-01
5.571871156024043557e+03,9.968869634008202807e-01
5.571921160379823959e+03,9.954515878453042976e-01
5.571971164735604361e+03,9.920915771784654114e-01
5.573921334611029124e+03,9.915236510801417325e-01
5.573971338966808617e+03,9.946718033792997238e-01
5.574021343322589018e+03,9.960420370952054459e-01
5.574071347678369420e+03,9.961665285380006951e-01
5.574121352034148913e+03,9.957894545585835866e-01
5.574171356389929315e+03,9.947625673433519999e-01
5.574221360745709717e+03,9.928867015723950029e-01
5.574271365101489209e+03,9.909848219784167522e-01
5.574421378168830415e+03,9.901372544930915343e-01
5.574471382524609908e+03,9.917448212303990873e-01
5.574521386880390310e+03,9.941337104509088141e-01
5.574571391236170712e+03,9.963662070034597917e-01
5.574621395591950204e+03,9.975727336187067973e-01
5.574671399947730606e+03,9.973810153623374752e-01
5.574721404303511008e+03,9.960703559040295918e-01
5.574771408659290501e+03,9.941537793036154813e-01
5.574821413015070902e+03,9.920148223312477143e-01
5.575221447861312299e+03,9.903431897218850644e-01
5.575271452217091792e+03,9.919915913479805392e-01
5.575321456572872194e+03,9.929577669808259399e-01
5.575371460928652596e+03,9.924771008691887220e-01
5.575421465284432088e+03,9.911013534442979500e-01
5.576721578534715263e+03,9.909096307518010516e-01
5.576771582890495665e+03,9.916471472006052057e-01
5.577571652582977549e+03,9.914350315030970862e-01
5.577621656938757951e+03,9.940414805655022334e-01
5.577671661294537444e+03,9.959194906263793001e-01
5.577721665650317846e+03,9.972552583061740084e-01
5.577771670006098248e+03,9.981161404253349190e-01
5.577821674361877740e+03,9.985950799719754967e-01
5.577871678717658142e+03,9.985762996189734286e-01
5.577921683073438544e+03,9.981917323545813625e-01
5.577971687429218946e+03,9.974409799535672860e-01
5.578021691784998438e+03,9.966629294371895931e-01
5.578071696140778840e+03,9.960629936795677430e-01
5.578121700496559242e+03,9.953456317971042244e-01
5.578171704852338735e+03,9.938651942197932465e-01
5.578221709208119137e+03,9.915392461495990961e-01
5.579071783256381423e+03,9.918131188968478673e-01
5.579121787612160915e+03,9.900604136423695190e-01
5.579721839881523010e+03,9.900824047569238839e-01
5.579771844237302503e+03,9.901466885178407118e-01
5.579821848593082905e+03,9.904050596458560118e-01
5.579871852948863307e+03,9.906455340885220728e-01
5.579921857304643709e+03,9.906228112269417352e-01
5.579971861660423201e+03,9.902923758633099816e-01
5.580021866016203603e+03,9.905259152257133159e-01
5.580071870371984005e+03,9.916403209411750463e-01
5.580121874727763498e+03,9.929063032234501929e-01
5.580171879083543899e+03,9.936432049954514456e-01
5.580221883439324301e+03,9.938496136656000957e-01
5.580271887795103794e+03,9.931844602730084404e-01
5.580321892150884196e+03,9.919434813347569602e-01
5.580371896506664598e+03,9.907367598350533822e-01
5.580571913929784387e+03,9.905049642686580835e-01
5.580621918285564789e+03,9.920409747627616515e-01
5.580671922641345191e+03,9.934522350323843343e-01
5.580721926997125593e+03,9.946336430249520522e-01
5.580771931352905085e+03,9.957541167150576467e-01
5.580821935708685487e+03,9.971222939261585871e-01
5.580871940064465889e+03,9.983116018290584259e-01
5.580921944420245381e+03,9.991219908173162301e-01
5.580971948776025783e+03,9.993992963413269592e-01
5.581021953131806185e+03,9.991440403931614034e-01
5.581071957487585678e+03,9.979955809187815996e-01
5.581121961843366080e+03,9.958648995649143076e-01
5.581171966199146482e+03,9.933425508465942855e-01
5.581221970554925974e+03,9.909250973474225122e-01
5.582572088160989551e+03,9.915915009356588428e-01
5.582622092516769953e+03,9.924651489650244685e-01
5.582672096872549446e+03,9.921310467248782849e-01
5.582722101228329848e+03,9.913303001601120323e-01
5.582772105584110250e+03,9.905210909029429356e-01
5.582872114295670144e+03,9.900831377681673651e-01
5.582922118651450546e+03,9.910388706977830697e-01
5.582972123007230948e+03,9.923532919943228725e-01
5.583022127363010441e+03,9.935005076683258718e-01
5.583072131718790843e+03,9.949027153927005873e-01
5.583122136074571245e+03,9.960328151935788910e-01
5.583172140430350737e+03,9.960681536404679681e-01
5.583222144786131139e+03,9.949245077830853878e-01
5.583272149141911541e+03,9.930764394439518528e-01
5.583322153497691033e+03,9.912307606312749098e-01
5.583372157853471435e+03,9.900072954684308035e-01
5.583572175276592134e+03,9.909671512442124186e-01
5.583622179632372536e+03,9.917569590189978523e-01
5.583672183988152028e+03,9.918840767885507281e-01
5.583722188343932430e+03,9.904568819793797552e-01
5.589672706681766613e+03,9.915268463672497479e-01
5.589722711037547015e+03,9.926924767935414451e-01
5.589772715393326507e+03,9.923954986799228273e-01
5.591022824287830190e+03,9.916498385334483467e-01
5.591072828643609682e+03,9.948187184470687061e-01
5.591122832999390084e+03,9.953691121827730193e-01
5.591172837355170486e+03,9.933146396003991185e-01
5.591572872201410974e+03,9.930580398716541968e-01
5.591622876557191375e+03,9.953378042981853024e-01
5.591672880912971777e+03,9.958867902543973027e-01
5.591722885268751270e+03,9.959025799948020286e-01
5.591772889624531672e+03,9.956780268084579610e-01
5.591822893980312074e+03,9.954272348774666490e-01
5.591872898336091566e+03,9.925418054320460648e-01
5.593373029009495440e+03,9.902682912833913331e-01
5.594023085634637027e+03,9.903082682302360995e-01
5.594073089990417429e+03,9.911320220830067695e-01
5.595273194529139801e+03,9.923368298999162285e-01
5.595323198884920203e+03,9.965026369189103894e-01
5.595373203240700605e+03,9.982431522728680839e-01
5.595423207596481006e+03,9.986219797093345285e-01
5.595473211952260499e+03,9.982976951559594525e-01
5.595523216308040901e+03,9.974267101257099366e-01
5.595573220663821303e+03,9.961547715847363094e-01
5.595623225019600795e+03,9.949323320157885675e-01
5.595673229375381197e+03,9.936258131167776675e-01
5.595723233731161599e+03,9.924908394260232303e-01
5.595773238086941092e+03,9.916795201722686803e-01
5.595823242442721494e+03,9.916043522705466629e-01
5.595873246798501896e+03,9.912571052014701456e-01
5.596373290356303187e+03,9.904340210686262136e-01
5.596423294712082679e+03,9.930068485218743746e-01
5.596473299067863081e+03,9.947341562595630737e-01
5.596523303423643483e+03,9.958255713065913284e-01
5.596573307779422976e+03,9.963653972905814893e-01
5.596623312135203378e+03,9.968790601641253080e-01
5.596673316490983780e+03,9.971238814863423450e-01
5.596723320846763272e+03,9.976372494537968372e-01
5.596773325202543674e+03,9.982016373248322472e-01
5.596823329558324076e+03,9.983528588453880470e-01
5.596873333914103569e+03,9.982673586000437860e-01
5.596923338269883970e+03,9.980363122310547119e-01
5.596973342625664372e+03,9.977883217438655583e-01
5.597023346981444774e+03,9.976313510869061485e-01
5.597073351337224267e+03,9.975196700581627773e-01
5.597123355693004669e+03,9.975302528746715636e-01
5.597173360048785071e+03,9.976682628937290076e-01
5.597223364404564563e+03,9.977379191263219260e-01
5.597273368760344965e+03,9.977587799064892016e-01
5.597323373116125367e+03,9.978793328222700376e-01
5.597373377471904860e+03,9.981692013122527296e-01
5.597423381827685262e+03,9.982756164176509461e-01
5.597473386183465664e+03,9.983795879592749500e-01
5.597523390539245156e+03,9.982384735494779227e-01
5.597573394895025558e+03,9.974507321079189026e-01
5.597623399250805960e+03,9.955207008631794530e-01
5.597673403606586362e+03,9.925158381285302811e-01
5.599023521212649030e+03,9.900176510762018767e-01
5.599073525568429432e+03,9.932377246674111149e-01
5.599123529924209834e+03,9.956495996466527831e-01
5.599173534279989326e+03,9.972485892144542508e-01
5.599223538635769728e+03,9.981008098271546558e-01
5.599273542991550130e+03,9.985287837858571880e-01
5.599323547347329622e+03,9.986841625162834468e-01
5.599373551703110024e+03,9.987435162166629077e-01
5.599423556058890426e+03,9.987042527638022582e-01
5.599473560414669919e+03,9.986761074494884260e-01
5.599523564770450321e+03,9.985811718933215175e-01
5.599573569126230723e+03,9.981685826112305371e-01
5.599623573482010215e+03,9.978342775840389756e-01
5.599673577837790617e+03,9.977326154611554365e-01
5.599723582193571019e+03,9.969247421639898521e-01
5.599773586549350512e+03,9.920234850095318579e-01
5.600523651886052903e+03,9.917992661270841337e-01
5.600573656241833305e+03,9.927765756248057016e-01
5.600623660597612798e+03,9.919413923845710190e-01
5.600673664953393200e+03,9.906104797207685442e-01
5.600873682376513898e+03,9.908066621655371442e-01
5.600923686732293390e+03,9.910975807753104050e-01
5.601623747713215380e+03,9.946145648929738403e-01
5.601673752068995782e+03,9.959696904230381787e-01
5.601723756424775274e+03,9.962383777481444991e-01
5.601773760780555676e+03,9.961797051265749436e-01
5.601823765136336078e+03,9.954165243306457578e-01
5.601873769492116480e+03,9.940337519601898375e-01
5.601923773847895973e+03,9.924617518965725971e-01
5.601973778203676375e+03,9.915499794424714741e-01
5.602023782559456777e+03,9.909069388380719046e-01
5.602073786915236269e+03,9.907749176881148756e-01
5.602123791271016671e+03,9.911348865921058016e-01
5.602173795626797073e+03,9.922981803837651604e-01
5.602223799982576566e+03,9.933529602324109309e-01
5.602273804338356967e+03,9.919865403458285602e-01
5.603973952434880630e+03,9.914428973331402828e-01
5.604023956790661032e+03,9.934735952532840475e-01
5.604073961146441434e+03,9.929121988771306695e-01
5.604123965502221836e+03,9.916003697272731676e-01
5.604173969858001328e+03,9.908516898270355311e-01
5.604223974213781730e+03,9.905186151982106058e-01
5.604273978569562132e+03,9.912184183594208164e-01
5.604323982925341625e+03,9.930104091462796934e-01
5.604373987281122027e+03,9.952989128087936788e-01
5.604423991636902429e+03,9.969552934490367724e-01
5.604473995992681921e+03,9.980221203135071217e-01
5.604524000348462323e+03,9.985508052926744815e-01
5.604574004704242725e+03,9.990951081877033069e-01
5.604624009060022217e+03,9.987798681231419007e-01
5.604674013415802619e+03,9.958101457735839546e-01
5.605224061329384313e+03,9.908248178871874590e-01
5.605274065685163805e+03,9.905993435522534307e-01
5.605424078752505011e+03,9.902296948121664943e-01
5.605474083108284503e+03,9.917691474948919783e-01
5.605524087464064905e+03,9.936501230850637301e-01
5.605574091819845307e+03,9.948768047960913075e-01
5.605624096175624800e+03,9.951813549359594946e-01
5.605674100531405202e+03,9.940075303834072784e-01
5.605724104887185604e+03,9.918564685886627208e-01
5.606074135377646598e+03,9.907786770514603880e-01
5.606124139733426091e+03,9.942450773759392568e-01
5.606174144089206493e+03,9.968655437122907470e-01
5.606224148444986895e+03,9.985969013325364241e-01
5.606274152800766387e+03,9.995308695864746351e-01
5.606324157156546789e+03,9.997284533318318012e-01
5.606374161512327191e+03,9.999134928858367521e-01
5.606424165868106684e+03,9.998135626259511133e-01
5.606474170223887086e+03,9.998294813899152311e-01
5.606524174579667488e+03,9.998482555544417894e-01
5.606574178935446980e+03,9.998165077628508035e-01
5.606624183291227382e+03,9.996913402817541039e-01
5.606674187647007784e+03,9.996931324833704391e-01
5.606724192002787277e+03,9.996176140111689978e-01
5.606774196358567679e+03,9.988708875379750385e-01
5.606824200714348081e+03,9.961509229755479700e-01
5.607324244272149372e+03,9.913757317308995454e-01
5.607374248627928864e+03,9.930871610854468123e-01
5.607924296541510557e+03,9.918616069200441032e-01
5.607974300897290959e+03,9.927693144301468209e-01
5.608024305253070452e+03,9.909550708363820126e-01
5.608574353166652145e+03,9.920887575157031346e-01
5.608624357522432547e+03,9.946319913090495568e-01
5.608674361878212039e+03,9.959529506842590418e-01
5.608724366233992441e+03,9.941606224939060210e-01
5.609174405436013330e+03,9.907956247799838412e-01
5.609224409791793732e+03,9.964237044068506854e-01
5.609274414147574134e+03,9.985270817531386456e-01
5.609324418503353627e+03,9.988115200931894089e-01
5.609374422859134029e+03,9.985372694583278808e-01
5.609424427214914431e+03,9.980399710045440020e-01
5.609474431570693923e+03,9.972786810220206632e-01
5.609524435926474325e+03,9.964136924124482597e-01
5.609574440282254727e+03,9.958246346734428434e-01
5.609624444638035129e+03,9.956923695281327813e-01
5.609674448993814622e+03,9.953949438184719334e-01
5.609724453349595024e+03,9.939836983071199672e-01
5.610474518686296506e+03,9.915102981049075392e-01
5.610524523042076908e+03,9.951629739566236754e-01
5.610574527397857310e+03,9.971814775266001352e-01
5.610624531753636802e+03,9.980004560719508699e-01
5.610674536109417204e+03,9.983268236171377596e-01
5.610724540465197606e+03,9.982865912782249440e-01
5.610774544820977098e+03,9.985570004725590199e-01
5.610824549176757500e+03,9.988262057914103487e-01
5.610874553532537902e+03,9.992114780728486023e-01
5.610924557888317395e+03,9.994399343331673569e-01
5.610974562244097797e+03,9.996467442681435944e-01
5.611024566599878199e+03,9.996879598157114577e-01
5.611074570955657691e+03,9.986336992941300394e-01
5.611124575311438093e+03,9.941860014851768845e-01
5.611674623225019786e+03,9.916442161154452872e-01
5.611724627580799279e+03,9.931601145349366888e-01
5.611774631936579681e+03,9.945663042648045238e-01
5.611824636292360083e+03,9.958798620768853915e-01
5.611874640648140485e+03,9.965321671447452401e-01
5.611924645003919977e+03,9.965638783588298688e-01
5.611974649359700379e+03,9.963083931149092631e-01
5.612024653715480781e+03,9.960073318368271034e-01
5.612074658071260274e+03,9.956278591434057912e-01
5.612124662427040676e+03,9.944980886590656377e-01
5.612174666782821078e+03,9.923178363554732151e-01
5.612524697273282072e+03,9.907196839828837920e-01
5.612574701629061565e+03,9.937342374011488566e-01
5.612624705984841967e+03,9.959823624637925699e-01
5.612674710340622369e+03,9.972728572936186975e-01
5.612724714696401861e+03,9.977813552277803311e-01
5.612774719052182263e+03,9.979959633119208640e-01
5.612824723407962665e+03,9.977556490474015494e-01
5.612874727763742158e+03,9.976371914514120531e-01
5.612924732119522560e+03,9.977200875632201704e-01
5.612974736475302961e+03,9.979918070681450537e-01
5.613024740831082454e+03,9.984355353662772714e-01
5.613074745186862856e+03,9.983646664192061815e-01
5.613124749542643258e+03,9.981959617499562842e-01
5.613174753898423660e+03,9.980257566843639960e-01
5.613224758254203152e+03,9.979244396336227618e-01
5.613274762609983554e+03,9.978220687820664736e-01
5.613324766965763956e+03,9.977822545287826639e-01
5.613374771321543449e+03,9.975771985627795990e-01
5.613424775677323851e+03,9.971194697564591536e-01
5.613474780033104253e+03,9.959287872901974037e-01
5.613524784388883745e+03,9.943440422210758634e-01
5.613574788744664147e+03,9.926587439163500060e-01
5.613624793100444549e+03,9.914984043554231352e-01
5.613674797456224042e+03,9.911488313012986051e-01
5.613724801812004443e+03,9.915816916181849905e-01
5.613774806167784845e+03,9.927192410692911029e-01
5.613824810523565247e+03,9.939667156895726219e-01
5.613874814879344740e+03,9.946621989757986615e-01
5.613924819235125142e+03,9.945433326071715374e-01
5.613974823590905544e+03,9.931741749107451112e-01
