6.276071412903225792e+03 8.080188499503420108e-01
6.276301774193548226e+03 8.132901803760290704e-01
6.276800890322580926e+03 7.711195369705325930e-01
6.277108038709677203e+03 8.159258455888724892e-01
6.277568761290322982e+03 6.604215980311043399e-01
6.278336632258065038e+03 7.605768761191584737e-01
6.278605387096774393e+03 7.289488935650361157e-01
6.279373258064516449e+03 7.184062327136619963e-01
6.281484903225806192e+03 7.790265326090630715e-01
6.282214380645161327e+03 8.396468325044643688e-01
6.283289399999999659e+03 8.712748150585867268e-01
6.283980483870967873e+03 9.345307801668314429e-01
6.287243935483870700e+03 8.765461454842737865e-01
6.288395741935483784e+03 9.608874322952667413e-01
6.288894858064516484e+03 8.554608237815255478e-01
6.289701122580645460e+03 8.080188499503420108e-01
6.291620799999999690e+03 8.001118543118113102e-01
6.292465458064515587e+03 7.711195369705325930e-01
6.294692283870967913e+03 7.895691934604371909e-01
6.295460154838709059e+03 7.605768761191584737e-01
6.298723606451612795e+03 7.632125413320018925e-01
6.300259348387096907e+03 9.529804366567360407e-01
6.302255812903225888e+03 7.869335282475937721e-01
